3,1,1263.20,176.60,174.54,119.98,1,-1,-1,-1
3,2,481.73,176.58,175.11,117.42,1,-1,-1,-1
3,3,1126.76,483.02,230.70,99.78,1,-1,-1,-1
3,4,338.27,483.30,230.92,100.05,1,-1,-1,-1
3,5,172.85,261.26,116.44,90.58,1,-1,-1,-1
3,6,942.97,260.02,118.69,92.77,1,-1,-1,-1
4,1,1264.50,178.67,173.38,119.19,1,-1,-1,-1
4,2,482.69,178.63,173.04,116.14,1,-1,-1,-1
4,3,1125.11,484.57,234.53,101.54,1,-1,-1,-1
4,4,341.26,486.29,227.60,98.63,1,-1,-1,-1
4,5,175.60,263.33,114.29,88.89,1,-1,-1,-1
4,6,946.10,262.33,116.84,91.45,1,-1,-1,-1
5,1,1265.83,180.76,171.97,118.20,1,-1,-1,-1
5,2,482.48,179.23,174.29,117.27,1,-1,-1,-1
5,3,1121.99,485.06,240.21,104.29,1,-1,-1,-1
5,4,336.78,486.47,235.94,102.57,1,-1,-1,-1
5,5,176.97,264.76,115.49,89.73,1,-1,-1,-1
5,6,946.41,262.32,119.05,93.25,1,-1,-1,-1
6,1,1265.22,181.37,173.59,119.34,1,-1,-1,-1
6,2,482.19,180.09,174.47,117.68,1,-1,-1,-1
6,3,1121.65,487.31,240.01,104.49,1,-1,-1,-1
6,4,335.49,488.59,238.29,103.87,1,-1,-1,-1
6,5,178.78,265.20,116.65,90.72,1,-1,-1,-1
6,6,947.44,263.00,120.66,94.57,1,-1,-1,-1
7,1,1265.63,182.22,174.27,119.75,1,-1,-1,-1
7,2,483.22,181.03,174.42,117.84,1,-1,-1,-1
7,3,1122.22,489.47,239.25,104.48,1,-1,-1,-1
7,4,333.79,489.30,241.59,105.67,1,-1,-1,-1
7,5,182.57,266.00,117.54,91.75,1,-1,-1,-1
7,6,949.05,262.51,122.78,96.40,1,-1,-1,-1
8,1,1266.55,185.21,170.89,117.15,1,-1,-1,-1
8,2,484.23,184.77,170.39,115.15,1,-1,-1,-1
8,3,1124.54,492.26,235.44,103.06,1,-1,-1,-1
8,4,335.19,490.85,240.78,105.60,1,-1,-1,-1
8,5,184.76,268.31,116.09,90.73,1,-1,-1,-1
8,6,951.19,265.71,121.68,95.69,1,-1,-1,-1
9,1,1265.98,186.24,170.74,116.89,1,-1,-1,-1
9,2,484.91,186.77,169.68,114.87,1,-1,-1,-1
9,3,1125.07,493.23,236.74,103.86,1,-1,-1,-1
9,4,336.22,492.72,238.77,104.84,1,-1,-1,-1
9,5,186.20,270.48,115.42,90.33,1,-1,-1,-1
9,6,954.19,268.91,119.40,94.02,1,-1,-1,-1
10,1,1265.69,188.59,170.86,116.82,1,-1,-1,-1
10,2,484.26,189.47,170.54,115.47,1,-1,-1,-1
10,3,1123.77,494.20,240.88,106.15,1,-1,-1,-1
10,4,336.12,494.03,240.33,105.86,1,-1,-1,-1
10,5,187.62,272.58,114.60,89.49,1,-1,-1,-1
10,6,957.48,272.77,116.75,92.03,1,-1,-1,-1
11,1,1264.95,190.74,168.78,115.46,1,-1,-1,-1
11,2,484.98,191.06,168.96,114.36,1,-1,-1,-1
11,3,1127.87,499.16,233.24,103.00,1,-1,-1,-1
11,4,340.58,499.13,231.88,102.21,1,-1,-1,-1
11,5,189.26,273.31,114.58,89.17,1,-1,-1,-1
11,6,959.41,274.13,115.55,91.29,1,-1,-1,-1
12,1,1263.56,192.81,169.57,115.65,1,-1,-1,-1
12,2,481.82,191.58,173.21,117.34,1,-1,-1,-1
12,3,1127.30,500.31,232.54,103.09,1,-1,-1,-1
12,4,339.05,500.32,232.38,102.81,1,-1,-1,-1
12,5,191.40,274.86,116.08,90.40,1,-1,-1,-1
12,6,959.96,275.23,117.30,93.04,1,-1,-1,-1
13,1,1262.25,193.51,172.16,117.08,1,-1,-1,-1
13,2,479.30,192.38,174.86,118.44,1,-1,-1,-1
13,3,1128.07,500.01,233.64,103.78,1,-1,-1,-1
13,4,339.25,500.70,232.38,103.02,1,-1,-1,-1
13,5,193.02,275.39,117.50,91.51,1,-1,-1,-1
13,6,961.66,275.59,117.50,93.70,1,-1,-1,-1
14,1,1259.98,195.04,171.38,116.30,1,-1,-1,-1
14,2,476.73,193.28,175.42,118.86,1,-1,-1,-1
14,3,1128.67,501.16,233.43,104.03,1,-1,-1,-1
14,4,340.45,502.76,228.78,101.76,1,-1,-1,-1
14,5,194.60,277.53,117.94,91.93,1,-1,-1,-1
14,6,963.93,276.32,116.84,93.28,1,-1,-1,-1
15,1,1256.18,196.21,173.02,117.34,1,-1,-1,-1
15,2,473.49,193.57,178.23,120.99,1,-1,-1,-1
15,3,1126.88,501.53,234.70,104.78,1,-1,-1,-1
15,4,339.54,503.47,228.81,101.94,1,-1,-1,-1
15,5,195.82,279.61,118.69,92.74,1,-1,-1,-1
15,6,965.36,277.87,117.31,93.78,1,-1,-1,-1
16,1,1253.82,196.59,175.57,119.07,1,-1,-1,-1
16,2,472.08,193.63,181.68,123.76,1,-1,-1,-1
16,3,1123.36,501.62,238.88,107.03,1,-1,-1,-1
16,4,336.27,502.34,235.36,105.33,1,-1,-1,-1
16,5,197.33,280.35,118.71,93.03,1,-1,-1,-1
16,6,968.22,279.07,116.69,93.30,1,-1,-1,-1
17,1,1250.47,197.34,177.55,120.38,1,-1,-1,-1
17,2,470.40,194.92,183.37,125.46,1,-1,-1,-1
17,3,1119.53,501.61,242.83,109.17,1,-1,-1,-1
17,4,332.78,502.54,239.72,107.89,1,-1,-1,-1
17,5,199.43,281.89,117.51,92.47,1,-1,-1,-1
17,6,969.36,280.13,117.50,93.78,1,-1,-1,-1
18,1,1246.92,197.57,180.30,122.84,1,-1,-1,-1
18,2,467.75,195.37,186.12,128.04,1,-1,-1,-1
18,3,1119.92,504.18,239.97,108.01,1,-1,-1,-1
18,4,331.66,503.88,240.95,108.86,1,-1,-1,-1
18,5,202.63,283.75,116.05,91.58,1,-1,-1,-1
18,6,972.28,281.80,116.68,92.63,1,-1,-1,-1
19,1,1245.91,198.27,180.74,123.11,1,-1,-1,-1
19,2,465.28,196.15,185.56,127.70,1,-1,-1,-1
19,3,1123.10,507.11,233.51,104.89,1,-1,-1,-1
19,4,331.68,505.00,239.90,108.55,1,-1,-1,-1
19,5,204.19,284.39,117.31,93.22,1,-1,-1,-1
19,6,974.15,283.13,116.62,92.59,1,-1,-1,-1
20,1,1244.94,200.46,178.23,121.23,1,-1,-1,-1
20,2,464.73,199.69,181.99,124.90,1,-1,-1,-1
20,3,1123.75,508.83,231.53,103.68,1,-1,-1,-1
20,4,332.12,506.04,239.32,108.40,1,-1,-1,-1
20,5,204.80,283.93,118.93,95.15,1,-1,-1,-1
20,6,977.51,284.10,116.24,92.12,1,-1,-1,-1
21,1,1244.02,204.56,175.16,118.50,1,-1,-1,-1
21,2,463.90,203.65,177.96,121.81,1,-1,-1,-1
21,3,1123.79,510.75,229.89,102.56,1,-1,-1,-1
21,4,334.28,509.69,232.50,105.03,1,-1,-1,-1
21,5,207.79,285.67,115.86,92.60,1,-1,-1,-1
21,6,979.85,286.48,116.73,92.69,1,-1,-1,-1
22,1,1242.59,208.71,173.63,116.80,1,-1,-1,-1
22,2,463.45,208.41,174.17,118.63,1,-1,-1,-1
22,3,1120.46,510.74,235.33,104.81,1,-1,-1,-1
22,4,333.82,510.36,233.15,105.05,1,-1,-1,-1
22,5,212.56,288.29,112.56,89.59,1,-1,-1,-1
22,6,983.75,289.29,113.34,90.24,1,-1,-1,-1
23,1,1240.55,212.19,172.84,115.50,1,-1,-1,-1
23,2,461.81,212.13,172.45,116.77,1,-1,-1,-1
23,3,1116.93,510.70,241.29,107.61,1,-1,-1,-1
23,4,331.00,511.23,236.06,106.38,1,-1,-1,-1
23,5,216.21,290.55,110.11,87.12,1,-1,-1,-1
23,6,985.84,290.28,111.97,88.64,1,-1,-1,-1
24,1,1238.92,213.41,173.73,115.70,1,-1,-1,-1
24,2,459.85,212.75,173.97,117.44,1,-1,-1,-1
24,3,1115.85,511.95,240.46,107.37,1,-1,-1,-1
24,4,329.41,512.82,236.92,106.87,1,-1,-1,-1
24,5,218.28,292.00,110.29,86.89,1,-1,-1,-1
24,6,986.24,290.59,114.07,90.07,1,-1,-1,-1
25,1,1237.11,213.79,173.27,115.12,1,-1,-1,-1
25,2,456.98,213.58,174.28,117.03,1,-1,-1,-1
25,3,1117.16,516.33,232.10,103.30,1,-1,-1,-1
25,4,329.83,517.34,233.26,105.07,1,-1,-1,-1
25,5,220.17,293.15,110.63,86.82,1,-1,-1,-1
25,6,986.37,290.00,116.73,91.93,1,-1,-1,-1
26,1,1231.00,212.53,177.45,118.25,1,-1,-1,-1
26,2,451.07,213.14,178.20,119.55,1,-1,-1,-1
26,3,1117.91,517.95,229.13,101.72,1,-1,-1,-1
26,4,329.56,519.00,232.10,104.38,1,-1,-1,-1
26,5,221.05,294.86,110.91,86.81,1,-1,-1,-1
26,6,987.64,292.36,116.49,91.33,1,-1,-1,-1
27,1,1227.93,212.67,179.38,120.07,1,-1,-1,-1
27,2,447.78,214.24,178.65,119.84,1,-1,-1,-1
27,3,1119.15,519.82,225.50,99.81,1,-1,-1,-1
27,4,333.93,520.88,224.12,100.13,1,-1,-1,-1
27,5,221.99,296.10,111.64,87.48,1,-1,-1,-1
27,6,989.42,293.88,116.28,91.09,1,-1,-1,-1
28,1,1224.32,213.98,179.87,120.76,1,-1,-1,-1
28,2,443.58,214.60,178.26,119.95,1,-1,-1,-1
28,3,1117.76,520.46,225.91,99.79,1,-1,-1,-1
28,4,332.15,520.16,225.33,100.55,1,-1,-1,-1
28,5,223.09,295.86,113.59,89.07,1,-1,-1,-1
28,6,993.00,295.06,115.53,90.35,1,-1,-1,-1
29,1,1222.28,215.75,178.92,120.36,1,-1,-1,-1
29,2,441.37,215.33,178.19,120.00,1,-1,-1,-1
29,3,1118.51,520.64,223.59,98.46,1,-1,-1,-1
29,4,329.55,519.86,227.70,101.38,1,-1,-1,-1
29,5,225.15,296.37,114.19,89.68,1,-1,-1,-1
29,6,992.98,294.79,119.18,93.38,1,-1,-1,-1
30,1,1220.22,217.03,177.32,119.54,1,-1,-1,-1
30,2,439.20,216.88,177.07,119.35,1,-1,-1,-1
30,3,1116.64,520.65,224.41,98.65,1,-1,-1,-1
30,4,327.60,520.36,228.61,101.70,1,-1,-1,-1
30,5,225.75,296.52,115.96,91.22,1,-1,-1,-1
30,6,993.72,295.97,119.60,93.86,1,-1,-1,-1
31,1,1217.98,218.12,177.17,119.88,1,-1,-1,-1
31,2,437.66,218.08,176.27,119.10,1,-1,-1,-1
31,3,1115.85,520.60,224.97,98.74,1,-1,-1,-1
31,4,327.21,520.50,228.97,101.84,1,-1,-1,-1
31,5,226.90,297.85,116.61,91.81,1,-1,-1,-1
31,6,995.76,297.69,119.37,94.03,1,-1,-1,-1
32,1,1216.49,219.14,175.91,119.34,1,-1,-1,-1
32,2,433.47,217.81,180.05,122.32,1,-1,-1,-1
32,3,1115.57,520.54,225.22,98.79,1,-1,-1,-1
32,4,325.37,519.85,229.26,101.89,1,-1,-1,-1
32,5,229.35,298.98,115.99,91.36,1,-1,-1,-1
32,6,995.90,297.64,121.08,96.06,1,-1,-1,-1
33,1,1212.92,218.16,179.66,122.44,1,-1,-1,-1
33,2,430.70,217.68,180.09,122.87,1,-1,-1,-1
33,3,1113.38,520.48,228.20,100.15,1,-1,-1,-1
33,4,324.09,519.56,229.27,101.92,1,-1,-1,-1
33,5,230.60,299.36,115.62,91.19,1,-1,-1,-1
33,6,996.69,297.59,121.44,96.82,1,-1,-1,-1
34,1,1209.82,221.02,176.21,120.33,1,-1,-1,-1
34,2,430.12,220.87,175.38,119.78,1,-1,-1,-1
34,3,1112.23,520.43,229.37,100.66,1,-1,-1,-1
34,4,323.79,520.75,226.33,100.61,1,-1,-1,-1
34,5,232.55,300.12,115.68,91.11,1,-1,-1,-1
34,6,999.93,298.84,118.85,95.13,1,-1,-1,-1
35,1,1207.74,224.07,170.87,116.84,1,-1,-1,-1
35,2,428.62,223.37,171.69,117.25,1,-1,-1,-1
35,3,1112.83,521.04,227.14,99.55,1,-1,-1,-1
35,4,323.13,520.50,225.05,100.12,1,-1,-1,-1
35,5,233.92,301.04,114.97,90.42,1,-1,-1,-1
35,6,1001.63,299.27,118.10,95.12,1,-1,-1,-1
36,1,1206.09,225.16,169.50,115.52,1,-1,-1,-1
36,2,427.11,225.58,170.43,116.31,1,-1,-1,-1
36,3,1112.33,521.24,226.48,99.12,1,-1,-1,-1
36,4,322.21,520.38,224.68,99.95,1,-1,-1,-1
36,5,234.70,301.34,118.67,93.46,1,-1,-1,-1
36,6,1001.73,300.06,120.10,97.09,1,-1,-1,-1
37,1,1205.22,226.85,169.01,115.04,1,-1,-1,-1
37,2,425.27,227.02,170.03,115.98,1,-1,-1,-1
37,3,1112.37,520.63,226.49,98.97,1,-1,-1,-1
37,4,321.43,519.65,226.14,100.56,1,-1,-1,-1
37,5,235.17,302.74,118.95,93.94,1,-1,-1,-1
37,6,1002.31,300.33,120.32,97.82,1,-1,-1,-1
38,1,1201.81,227.42,170.55,116.21,1,-1,-1,-1
38,2,421.37,227.50,170.51,116.53,1,-1,-1,-1
38,3,1112.21,520.38,226.90,98.92,1,-1,-1,-1
38,4,322.51,520.02,224.02,99.47,1,-1,-1,-1
38,5,237.58,303.24,117.08,92.80,1,-1,-1,-1
38,6,1004.98,300.40,119.33,97.43,1,-1,-1,-1
39,1,1197.57,227.59,173.27,117.98,1,-1,-1,-1
39,2,416.73,228.29,171.93,117.41,1,-1,-1,-1
39,3,1111.37,519.60,227.34,98.91,1,-1,-1,-1
39,4,319.30,518.81,225.87,100.40,1,-1,-1,-1
39,5,238.28,303.39,116.64,93.00,1,-1,-1,-1
39,6,1006.64,301.05,118.86,97.27,1,-1,-1,-1
40,1,1193.59,228.27,175.94,119.97,1,-1,-1,-1
40,2,413.12,229.86,173.08,118.41,1,-1,-1,-1
40,3,1108.79,517.97,230.76,100.24,1,-1,-1,-1
40,4,316.71,518.35,228.11,101.41,1,-1,-1,-1
40,5,238.56,302.75,118.32,95.05,1,-1,-1,-1
40,6,1007.10,300.61,120.88,99.17,1,-1,-1,-1
41,1,1190.36,229.14,176.62,120.72,1,-1,-1,-1
41,2,408.47,230.40,175.02,120.11,1,-1,-1,-1
41,3,1104.67,514.06,237.72,103.37,1,-1,-1,-1
41,4,310.73,512.90,237.03,105.75,1,-1,-1,-1
41,5,238.72,301.19,120.05,97.12,1,-1,-1,-1
41,6,1009.31,301.73,120.10,98.56,1,-1,-1,-1
42,1,1186.03,230.08,178.04,121.66,1,-1,-1,-1
42,2,404.46,230.56,174.53,120.10,1,-1,-1,-1
42,3,1098.86,509.98,245.62,107.16,1,-1,-1,-1
42,4,309.00,510.85,238.76,106.73,1,-1,-1,-1
42,5,241.06,302.52,118.67,96.59,1,-1,-1,-1
42,6,1011.05,302.80,119.85,98.31,1,-1,-1,-1
43,1,1181.45,231.06,176.09,120.69,1,-1,-1,-1
43,2,399.90,231.23,176.02,121.41,1,-1,-1,-1
43,3,1101.16,509.72,240.30,104.72,1,-1,-1,-1
43,4,309.39,510.08,236.75,105.78,1,-1,-1,-1
43,5,241.60,302.36,119.40,97.68,1,-1,-1,-1
43,6,1013.81,304.49,117.42,96.23,1,-1,-1,-1
44,1,1177.33,232.05,175.04,120.31,1,-1,-1,-1
44,2,396.34,231.45,176.55,121.89,1,-1,-1,-1
44,3,1101.58,509.66,234.60,102.39,1,-1,-1,-1
44,4,309.37,509.15,234.43,104.73,1,-1,-1,-1
44,5,243.61,304.90,117.27,96.11,1,-1,-1,-1
44,6,1016.56,307.10,114.27,93.43,1,-1,-1,-1
45,1,1173.47,233.70,174.19,120.16,1,-1,-1,-1
45,2,393.89,231.49,179.81,124.70,1,-1,-1,-1
45,3,1101.87,509.67,230.94,100.84,1,-1,-1,-1
45,4,308.05,506.84,236.26,105.65,1,-1,-1,-1
45,5,247.91,306.52,114.56,94.16,1,-1,-1,-1
45,6,1021.00,308.04,112.84,92.38,1,-1,-1,-1
46,1,1169.22,234.28,175.08,121.41,1,-1,-1,-1
46,2,391.57,232.78,179.46,124.44,1,-1,-1,-1
46,3,1101.31,507.70,232.31,101.59,1,-1,-1,-1
46,4,307.44,505.99,235.27,105.32,1,-1,-1,-1
46,5,250.86,307.10,112.75,92.75,1,-1,-1,-1
46,6,1022.96,308.35,111.55,91.34,1,-1,-1,-1
47,1,1166.45,235.78,173.38,120.57,1,-1,-1,-1
47,2,387.56,234.56,177.91,123.66,1,-1,-1,-1
47,3,1098.79,505.67,234.85,103.19,1,-1,-1,-1
47,4,304.74,503.73,237.25,106.51,1,-1,-1,-1
47,5,252.94,308.61,111.34,91.56,1,-1,-1,-1
47,6,1023.35,310.43,109.59,89.63,1,-1,-1,-1
48,1,1162.37,236.30,175.10,122.22,1,-1,-1,-1
48,2,384.26,235.85,177.80,124.00,1,-1,-1,-1
48,3,1096.78,504.27,236.01,104.45,1,-1,-1,-1
48,4,303.30,502.25,237.62,106.95,1,-1,-1,-1
48,5,254.65,309.15,110.14,90.45,1,-1,-1,-1
48,6,1024.25,310.49,109.23,89.01,1,-1,-1,-1
49,1,1160.05,237.12,174.26,121.52,1,-1,-1,-1
49,2,381.73,236.96,176.61,123.46,1,-1,-1,-1
49,3,1093.27,501.80,238.74,106.23,1,-1,-1,-1
49,4,299.45,500.41,239.83,108.41,1,-1,-1,-1
49,5,255.82,309.98,109.18,89.38,1,-1,-1,-1
49,6,1025.01,311.14,110.14,89.47,1,-1,-1,-1
50,1,1157.49,236.07,176.24,123.22,1,-1,-1,-1
50,2,378.81,236.02,177.01,123.90,1,-1,-1,-1
50,3,1093.58,500.90,236.54,105.59,1,-1,-1,-1
50,4,300.26,500.40,234.25,106.34,1,-1,-1,-1
50,5,256.13,310.26,109.62,89.66,1,-1,-1,-1
50,6,1025.87,311.35,109.88,89.00,1,-1,-1,-1
51,1,1153.69,236.95,176.31,123.20,1,-1,-1,-1
51,2,375.13,236.29,177.93,124.72,1,-1,-1,-1
51,3,1096.38,503.23,228.46,102.03,1,-1,-1,-1
51,4,302.25,501.12,228.85,104.19,1,-1,-1,-1
51,5,257.77,311.67,107.30,87.78,1,-1,-1,-1
51,6,1026.35,310.73,110.69,89.51,1,-1,-1,-1
52,1,1150.10,240.55,172.96,120.54,1,-1,-1,-1
52,2,371.27,240.31,172.24,120.41,1,-1,-1,-1
52,3,1094.59,500.84,230.53,103.32,1,-1,-1,-1
52,4,300.93,499.43,229.74,104.71,1,-1,-1,-1
52,5,259.03,311.49,107.03,87.76,1,-1,-1,-1
52,6,1026.71,310.47,111.20,89.71,1,-1,-1,-1
53,1,1148.14,242.55,171.17,118.85,1,-1,-1,-1
53,2,368.23,242.48,170.16,118.74,1,-1,-1,-1
53,3,1093.03,499.98,229.18,103.14,1,-1,-1,-1
53,4,299.75,498.83,228.22,104.24,1,-1,-1,-1
53,5,260.59,311.40,107.33,88.44,1,-1,-1,-1
53,6,1027.77,310.34,110.78,89.80,1,-1,-1,-1
54,1,1146.76,245.25,168.73,116.89,1,-1,-1,-1
54,2,364.82,245.24,167.55,116.80,1,-1,-1,-1
54,3,1094.52,500.35,224.59,101.08,1,-1,-1,-1
54,4,300.92,499.31,225.19,102.74,1,-1,-1,-1
54,5,262.30,310.68,107.08,88.70,1,-1,-1,-1
54,6,1029.90,310.94,109.06,88.52,1,-1,-1,-1
55,1,1143.65,245.54,169.96,117.50,1,-1,-1,-1
55,2,360.03,245.55,169.91,118.10,1,-1,-1,-1
55,3,1091.14,495.20,230.85,104.30,1,-1,-1,-1
55,4,296.10,494.86,233.34,106.84,1,-1,-1,-1
55,5,261.80,310.38,106.51,88.82,1,-1,-1,-1
55,6,1030.84,310.48,110.03,89.39,1,-1,-1,-1
56,1,1138.27,245.60,171.79,119.06,1,-1,-1,-1
56,2,356.58,245.62,171.70,119.25,1,-1,-1,-1
56,3,1090.53,493.33,229.32,103.52,1,-1,-1,-1
56,4,294.92,492.59,232.60,106.39,1,-1,-1,-1
56,5,262.68,311.58,104.08,86.88,1,-1,-1,-1
56,6,1031.55,310.29,110.27,89.71,1,-1,-1,-1
57,1,1133.77,246.90,171.72,119.00,1,-1,-1,-1
57,2,354.81,247.58,169.64,117.72,1,-1,-1,-1
57,3,1087.22,491.34,229.68,103.87,1,-1,-1,-1
57,4,293.15,491.11,231.73,106.20,1,-1,-1,-1
57,5,263.51,312.01,102.72,85.49,1,-1,-1,-1
57,6,1033.35,310.21,111.16,90.51,1,-1,-1,-1
58,1,1132.18,248.67,169.75,116.99,1,-1,-1,-1
58,2,352.92,248.94,168.94,117.14,1,-1,-1,-1
58,3,1082.62,488.66,231.99,105.32,1,-1,-1,-1
58,4,291.96,489.27,229.92,105.46,1,-1,-1,-1
58,5,263.36,312.16,103.08,85.66,1,-1,-1,-1
58,6,1034.22,310.16,112.35,91.47,1,-1,-1,-1
59,1,1129.05,250.63,168.37,115.57,1,-1,-1,-1
59,2,351.13,249.40,169.11,117.60,1,-1,-1,-1
59,3,1080.67,487.04,230.75,105.20,1,-1,-1,-1
59,4,292.42,487.97,228.17,104.52,1,-1,-1,-1
59,5,264.51,313.52,102.73,85.08,1,-1,-1,-1
59,6,1034.97,310.79,112.51,91.84,1,-1,-1,-1
60,1,1126.59,251.31,168.04,115.05,1,-1,-1,-1
60,2,348.65,249.53,168.40,117.12,1,-1,-1,-1
60,3,1078.98,484.51,230.98,105.81,1,-1,-1,-1
60,4,290.66,484.88,230.15,105.48,1,-1,-1,-1
60,5,267.91,316.68,103.26,84.21,1,-1,-1,-1
60,6,1035.47,311.03,112.71,91.97,1,-1,-1,-1
61,1,1120.43,250.18,170.66,116.87,1,-1,-1,-1
61,2,344.34,248.20,170.49,118.94,1,-1,-1,-1
61,3,1081.11,484.93,221.69,101.42,1,-1,-1,-1
61,4,291.22,483.77,225.90,103.21,1,-1,-1,-1
61,5,267.36,317.17,105.71,85.24,1,-1,-1,-1
61,6,1036.78,311.76,111.12,90.71,1,-1,-1,-1
62,1,1117.37,249.73,172.75,118.22,1,-1,-1,-1
62,2,341.21,249.65,170.57,118.97,1,-1,-1,-1
62,3,1080.77,483.16,219.96,100.39,1,-1,-1,-1
62,4,289.41,482.09,225.12,102.34,1,-1,-1,-1
62,5,268.60,317.97,105.31,84.91,1,-1,-1,-1
62,6,1035.43,310.70,112.78,92.21,1,-1,-1,-1
63,1,1113.16,249.52,173.96,119.39,1,-1,-1,-1
63,2,336.88,250.83,169.20,117.66,1,-1,-1,-1
63,3,1078.31,481.90,220.77,100.69,1,-1,-1,-1
63,4,286.45,481.52,223.52,101.36,1,-1,-1,-1
63,6,1036.27,310.88,112.93,92.33,1,-1,-1,-1
64,1,1110.16,251.38,176.83,121.15,1,-1,-1,-1
64,2,331.59,250.58,173.59,120.48,1,-1,-1,-1
64,3,1076.26,480.15,221.47,100.81,1,-1,-1,-1
64,4,284.51,479.37,224.68,101.67,1,-1,-1,-1
65,1,1107.66,252.72,174.95,119.85,1,-1,-1,-1
65,2,327.59,251.77,171.61,118.91,1,-1,-1,-1
65,3,1071.93,474.91,228.98,104.18,1,-1,-1,-1
65,4,279.66,473.98,233.50,105.77,1,-1,-1,-1
66,1,1100.95,250.56,177.44,121.98,1,-1,-1,-1
66,2,322.03,250.87,171.90,118.96,1,-1,-1,-1
66,3,1070.39,471.04,230.42,104.79,1,-1,-1,-1
66,4,281.12,472.01,230.32,104.04,1,-1,-1,-1
67,1,1099.80,251.03,176.50,121.46,1,-1,-1,-1
67,2,318.42,249.85,174.67,120.96,1,-1,-1,-1
67,3,1068.09,467.66,231.88,105.67,1,-1,-1,-1
67,4,276.56,468.04,234.21,106.01,1,-1,-1,-1
68,1,1094.41,250.53,177.75,122.56,1,-1,-1,-1
68,2,315.43,250.10,172.64,119.75,1,-1,-1,-1
68,3,1065.77,465.14,233.48,106.65,1,-1,-1,-1
68,4,274.21,464.64,236.36,107.39,1,-1,-1,-1
69,1,1089.68,250.99,178.58,122.97,1,-1,-1,-1
69,2,311.12,250.18,174.54,121.26,1,-1,-1,-1
69,3,1061.86,462.29,235.01,107.67,1,-1,-1,-1
69,4,270.89,461.46,239.53,109.22,1,-1,-1,-1
70,1,1084.91,250.48,179.83,123.77,1,-1,-1,-1
70,2,307.38,250.85,177.10,123.13,1,-1,-1,-1
70,3,1061.10,460.64,234.89,108.04,1,-1,-1,-1
70,4,271.21,460.33,235.70,107.95,1,-1,-1,-1
71,1,1083.46,251.59,175.92,121.43,1,-1,-1,-1
71,2,304.54,251.09,177.23,123.84,1,-1,-1,-1
71,3,1062.27,461.41,228.77,105.54,1,-1,-1,-1
71,4,272.54,460.00,231.29,106.11,1,-1,-1,-1
72,1,1080.36,252.00,174.52,120.52,1,-1,-1,-1
72,2,299.27,250.51,179.34,125.40,1,-1,-1,-1
72,3,1062.80,461.15,226.42,104.56,1,-1,-1,-1
72,4,271.27,457.98,233.29,107.40,1,-1,-1,-1
73,1,1077.56,250.81,176.23,122.16,1,-1,-1,-1
73,2,292.55,249.62,183.27,128.60,1,-1,-1,-1
73,3,1061.51,460.45,225.31,104.19,1,-1,-1,-1
73,4,269.74,457.95,230.96,106.55,1,-1,-1,-1
74,1,1074.23,250.36,177.69,123.43,1,-1,-1,-1
74,2,290.61,250.58,179.84,126.55,1,-1,-1,-1
74,3,1060.74,460.26,223.61,103.39,1,-1,-1,-1
74,4,268.13,457.36,230.27,106.22,1,-1,-1,-1
75,1,1071.63,252.15,177.90,123.25,1,-1,-1,-1
75,2,289.12,251.60,176.38,123.73,1,-1,-1,-1
75,3,1055.38,455.60,231.22,107.08,1,-1,-1,-1
75,4,266.91,454.56,232.66,107.42,1,-1,-1,-1
76,1,1065.92,251.51,181.75,125.81,1,-1,-1,-1
76,2,286.21,251.98,175.41,122.64,1,-1,-1,-1
76,3,1054.18,453.92,231.25,107.13,1,-1,-1,-1
76,4,266.13,453.57,229.69,105.89,1,-1,-1,-1
77,1,1063.08,251.91,180.85,124.80,1,-1,-1,-1
77,2,283.59,252.77,175.06,122.23,1,-1,-1,-1
77,3,1052.93,452.69,229.67,106.49,1,-1,-1,-1
77,4,265.30,453.27,227.10,104.64,1,-1,-1,-1
78,1,1060.56,252.05,181.01,125.05,1,-1,-1,-1
78,2,280.97,252.39,175.15,122.07,1,-1,-1,-1
78,3,1051.54,450.97,229.06,106.23,1,-1,-1,-1
78,4,263.96,451.90,226.30,104.17,1,-1,-1,-1
79,1,1058.19,251.44,180.85,125.13,1,-1,-1,-1
79,2,278.28,252.23,176.88,123.34,1,-1,-1,-1
79,3,1052.08,449.73,227.47,105.46,1,-1,-1,-1
79,4,261.56,451.45,225.94,104.00,1,-1,-1,-1
80,1,1053.79,250.54,181.43,125.81,1,-1,-1,-1
80,2,276.59,252.16,176.48,123.16,1,-1,-1,-1
80,3,1050.08,448.01,229.42,106.49,1,-1,-1,-1
80,4,258.20,450.01,226.86,104.60,1,-1,-1,-1
81,1,1050.91,250.20,179.71,124.73,1,-1,-1,-1
81,2,274.41,252.13,176.35,123.08,1,-1,-1,-1
81,3,1046.82,444.79,232.63,108.19,1,-1,-1,-1
81,4,255.68,446.88,229.85,106.16,1,-1,-1,-1
82,1,1049.50,250.72,177.32,122.99,1,-1,-1,-1
82,2,272.39,251.45,176.29,123.05,1,-1,-1,-1
82,3,1046.26,444.28,229.97,106.87,1,-1,-1,-1
82,4,254.18,445.09,229.55,106.09,1,-1,-1,-1
83,1,1048.03,251.59,176.56,122.33,1,-1,-1,-1
83,2,270.93,252.50,175.91,122.38,1,-1,-1,-1
83,3,1045.44,444.84,224.99,104.35,1,-1,-1,-1
83,4,254.62,444.47,228.23,105.40,1,-1,-1,-1
84,1,1047.04,251.91,174.75,120.75,1,-1,-1,-1
84,2,269.82,252.90,173.78,120.79,1,-1,-1,-1
84,3,1046.09,446.45,219.34,101.40,1,-1,-1,-1
84,4,255.52,444.97,223.75,103.15,1,-1,-1,-1
85,1,1045.02,252.02,174.95,120.83,1,-1,-1,-1
85,2,268.12,253.04,173.78,120.87,1,-1,-1,-1
85,3,1044.34,444.44,222.01,102.32,1,-1,-1,-1
85,4,253.63,443.22,225.32,103.63,1,-1,-1,-1
86,1,1043.90,252.72,173.97,120.21,1,-1,-1,-1
86,2,265.09,252.42,175.46,122.22,1,-1,-1,-1
86,3,1042.75,444.39,221.68,102.01,1,-1,-1,-1
86,4,252.55,443.28,223.44,102.49,1,-1,-1,-1
87,1,1041.01,252.32,174.78,120.64,1,-1,-1,-1
87,2,261.91,251.52,177.05,123.40,1,-1,-1,-1
87,3,1039.74,443.10,224.52,103.23,1,-1,-1,-1
87,4,250.48,442.69,224.20,102.74,1,-1,-1,-1
88,1,1038.87,251.49,176.74,122.14,1,-1,-1,-1
88,2,259.04,249.21,179.84,125.81,1,-1,-1,-1
88,3,1038.23,441.99,225.80,103.69,1,-1,-1,-1
88,4,248.41,441.85,223.21,102.17,1,-1,-1,-1
89,1,1037.55,250.52,177.38,122.71,1,-1,-1,-1
89,2,258.81,250.95,174.13,121.49,1,-1,-1,-1
89,3,1037.27,441.62,223.88,102.56,1,-1,-1,-1
89,4,247.63,441.58,222.97,101.97,1,-1,-1,-1
90,1,1036.15,250.15,177.61,122.92,1,-1,-1,-1
90,2,257.53,251.64,171.21,119.12,1,-1,-1,-1
90,3,1035.82,441.52,224.79,102.79,1,-1,-1,-1
90,4,247.91,442.19,220.53,100.58,1,-1,-1,-1
91,1,1034.83,250.02,176.84,122.34,1,-1,-1,-1
91,2,256.55,250.56,170.66,118.25,1,-1,-1,-1
91,3,1033.84,438.22,229.44,104.87,1,-1,-1,-1
91,4,241.91,437.79,229.30,104.73,1,-1,-1,-1
92,1,1033.48,249.97,175.76,121.46,1,-1,-1,-1
92,2,254.94,250.82,171.14,117.94,1,-1,-1,-1
92,3,1030.13,435.04,235.23,107.62,1,-1,-1,-1
92,4,239.17,436.20,232.33,106.26,1,-1,-1,-1
93,1,1032.75,250.62,174.64,120.46,1,-1,-1,-1
93,2,252.71,250.26,172.75,118.51,1,-1,-1,-1
93,3,1027.16,433.87,237.38,108.66,1,-1,-1,-1
93,4,236.06,435.63,234.46,107.50,1,-1,-1,-1
94,1,1031.46,249.54,176.42,121.42,1,-1,-1,-1
94,2,251.61,249.39,174.71,119.40,1,-1,-1,-1
94,3,1025.74,433.48,238.21,109.04,1,-1,-1,-1
94,4,234.16,435.46,234.85,107.96,1,-1,-1,-1
95,1,1031.57,249.80,175.38,120.46,1,-1,-1,-1
95,2,250.84,249.73,175.00,119.08,1,-1,-1,-1
95,3,1025.42,434.04,234.23,107.20,1,-1,-1,-1
95,4,232.55,435.44,234.92,108.12,1,-1,-1,-1
96,1,1031.73,249.90,174.25,119.44,1,-1,-1,-1
96,2,250.87,250.53,173.95,117.64,1,-1,-1,-1
96,3,1024.09,434.31,233.93,107.14,1,-1,-1,-1
96,4,233.40,436.13,232.14,106.86,1,-1,-1,-1
97,1,1031.75,249.94,174.02,119.06,1,-1,-1,-1
97,2,250.91,250.83,172.98,116.44,1,-1,-1,-1
97,3,1025.53,435.76,230.02,105.13,1,-1,-1,-1
97,4,230.83,434.45,235.00,108.34,1,-1,-1,-1
98,1,1031.95,249.96,173.00,118.27,1,-1,-1,-1
98,2,249.39,250.28,173.82,116.67,1,-1,-1,-1
98,3,1024.61,436.36,228.95,104.36,1,-1,-1,-1
98,4,230.86,435.16,233.53,107.58,1,-1,-1,-1
99,1,1030.48,249.31,173.83,118.64,1,-1,-1,-1
99,2,248.08,250.08,174.41,116.77,1,-1,-1,-1
99,3,1018.95,435.94,232.63,106.07,1,-1,-1,-1
99,4,227.36,434.81,236.81,109.25,1,-1,-1,-1
100,1,1029.57,248.40,174.95,119.46,1,-1,-1,-1
100,2,244.96,248.68,176.68,118.15,1,-1,-1,-1
100,3,1017.87,439.75,228.74,104.08,1,-1,-1,-1
100,4,226.94,438.63,232.39,107.25,1,-1,-1,-1
101,1,1028.76,248.07,174.41,119.11,1,-1,-1,-1
101,2,243.58,247.50,177.38,118.67,1,-1,-1,-1
101,3,1016.27,441.90,227.12,103.31,1,-1,-1,-1
101,4,227.12,440.80,226.84,104.47,1,-1,-1,-1
102,1,1026.95,246.62,175.32,119.65,1,-1,-1,-1
102,2,242.76,247.72,177.69,118.88,1,-1,-1,-1
102,3,1015.00,442.70,228.00,103.69,1,-1,-1,-1
102,4,228.67,442.96,222.60,102.09,1,-1,-1,-1
103,1,1025.58,245.43,176.47,120.51,1,-1,-1,-1
103,2,240.81,246.49,179.23,120.27,1,-1,-1,-1
103,3,1015.15,443.65,225.87,102.52,1,-1,-1,-1
103,4,225.66,443.75,222.97,101.88,1,-1,-1,-1
104,1,1025.01,243.68,177.76,121.50,1,-1,-1,-1
104,2,240.73,244.73,179.89,120.80,1,-1,-1,-1
104,3,1013.30,443.33,226.38,102.75,1,-1,-1,-1
104,4,222.65,443.37,223.00,101.82,1,-1,-1,-1
105,1,1024.05,241.05,179.81,123.19,1,-1,-1,-1
105,2,239.81,242.75,180.71,121.65,1,-1,-1,-1
105,3,1012.55,443.20,226.79,102.84,1,-1,-1,-1
105,4,220.72,444.54,224.77,102.48,1,-1,-1,-1
106,1,1023.83,240.08,180.36,123.83,1,-1,-1,-1
106,2,240.04,242.68,179.95,121.31,1,-1,-1,-1
106,3,1011.29,443.81,225.72,102.23,1,-1,-1,-1
106,4,218.49,444.31,227.25,103.40,1,-1,-1,-1
107,1,1025.09,239.74,178.62,122.74,1,-1,-1,-1
107,2,240.49,241.36,180.34,121.83,1,-1,-1,-1
107,3,1010.32,445.35,225.10,102.00,1,-1,-1,-1
107,4,217.60,446.85,225.11,102.44,1,-1,-1,-1
108,1,1026.31,238.33,177.85,122.31,1,-1,-1,-1
108,2,241.19,238.26,182.14,123.34,1,-1,-1,-1
108,3,1008.14,446.58,224.64,101.92,1,-1,-1,-1
108,4,214.79,445.81,228.72,104.07,1,-1,-1,-1
109,1,1025.57,235.84,180.67,124.79,1,-1,-1,-1
109,2,241.48,235.14,184.78,125.87,1,-1,-1,-1
109,3,1004.72,447.03,227.80,103.89,1,-1,-1,-1
109,4,212.55,446.06,232.56,105.99,1,-1,-1,-1
110,1,1024.08,234.94,182.21,126.37,1,-1,-1,-1
110,2,241.53,233.33,185.28,126.81,1,-1,-1,-1
110,3,1003.31,446.52,231.31,105.95,1,-1,-1,-1
110,4,211.20,446.15,233.81,106.72,1,-1,-1,-1
111,1,1026.14,234.63,180.19,125.65,1,-1,-1,-1
111,2,242.05,232.69,183.85,126.50,1,-1,-1,-1
111,3,1004.44,450.24,224.19,102.80,1,-1,-1,-1
111,4,212.51,448.13,230.10,105.03,1,-1,-1,-1
112,1,1028.09,234.55,178.45,124.69,1,-1,-1,-1
112,2,243.49,233.14,182.14,125.70,1,-1,-1,-1
112,3,1000.25,450.99,226.84,104.23,1,-1,-1,-1
112,4,210.66,450.20,230.19,105.03,1,-1,-1,-1
113,1,1028.94,233.90,177.58,124.31,1,-1,-1,-1
113,2,244.08,232.05,182.10,126.03,1,-1,-1,-1
113,3,999.49,451.91,226.33,104.10,1,-1,-1,-1
113,4,211.84,451.62,228.56,104.37,1,-1,-1,-1
114,1,1029.73,233.03,176.97,124.16,1,-1,-1,-1
114,2,246.53,232.33,178.95,124.17,1,-1,-1,-1
114,3,997.30,453.55,227.44,104.71,1,-1,-1,-1
114,4,211.74,454.11,225.17,102.79,1,-1,-1,-1
115,1,1028.55,231.41,179.71,126.08,1,-1,-1,-1
115,2,247.90,231.81,176.87,122.78,1,-1,-1,-1
115,3,994.14,453.48,230.66,106.25,1,-1,-1,-1
115,4,208.43,453.69,228.52,104.19,1,-1,-1,-1
116,1,1028.09,229.51,181.43,127.45,1,-1,-1,-1
116,2,249.99,231.65,174.94,121.59,1,-1,-1,-1
116,3,991.54,454.08,234.14,108.14,1,-1,-1,-1
116,4,204.97,453.51,234.98,107.35,1,-1,-1,-1
117,1,1030.47,228.82,180.25,126.65,1,-1,-1,-1
117,2,252.57,230.96,173.28,120.48,1,-1,-1,-1
117,3,992.56,458.21,229.60,106.24,1,-1,-1,-1
117,4,207.88,458.64,226.44,103.32,1,-1,-1,-1
118,1,1032.50,227.29,180.85,126.99,1,-1,-1,-1
118,2,255.15,230.07,172.73,120.07,1,-1,-1,-1
118,3,993.72,459.76,227.78,105.48,1,-1,-1,-1
118,4,205.35,460.60,227.25,103.73,1,-1,-1,-1
119,1,1035.52,226.08,179.84,126.44,1,-1,-1,-1
119,2,257.37,229.76,170.64,118.60,1,-1,-1,-1
119,3,993.32,461.63,226.89,105.19,1,-1,-1,-1
119,4,205.20,463.27,223.40,101.90,1,-1,-1,-1
120,1,1035.99,225.01,178.80,125.56,1,-1,-1,-1
120,2,259.25,229.01,169.06,117.40,1,-1,-1,-1
120,3,992.40,461.63,227.54,105.74,1,-1,-1,-1
120,4,205.53,464.23,221.95,101.21,1,-1,-1,-1
121,1,1040.06,224.64,174.52,122.58,1,-1,-1,-1
121,2,259.55,228.10,169.22,117.63,1,-1,-1,-1
121,3,990.78,462.24,229.09,106.61,1,-1,-1,-1
121,4,201.07,463.20,229.35,104.95,1,-1,-1,-1
122,1,1042.06,223.88,172.59,121.45,1,-1,-1,-1
122,2,259.27,225.79,170.02,118.40,1,-1,-1,-1
122,3,987.86,463.10,232.40,108.24,1,-1,-1,-1
122,4,197.00,464.10,233.06,107.00,1,-1,-1,-1
123,1,1043.14,222.97,171.82,121.04,1,-1,-1,-1
123,2,258.36,222.97,173.85,120.69,1,-1,-1,-1
123,3,985.36,464.69,233.24,108.86,1,-1,-1,-1
123,4,194.52,464.40,235.76,108.43,1,-1,-1,-1
124,1,1045.83,221.34,170.89,120.90,1,-1,-1,-1
124,2,258.66,220.63,176.60,122.21,1,-1,-1,-1
124,3,986.12,467.24,229.58,107.11,1,-1,-1,-1
124,4,196.22,467.75,232.90,107.00,1,-1,-1,-1
125,1,1049.01,220.77,169.45,120.19,1,-1,-1,-1
125,2,260.89,219.12,176.65,122.13,1,-1,-1,-1
125,3,986.50,470.15,227.45,105.76,1,-1,-1,-1
125,4,198.41,470.98,229.52,105.11,1,-1,-1,-1
126,1,1051.69,219.93,169.17,119.94,1,-1,-1,-1
126,2,264.44,216.62,178.47,123.41,1,-1,-1,-1
126,3,985.88,473.84,228.92,105.91,1,-1,-1,-1
126,4,196.57,473.47,232.32,106.38,1,-1,-1,-1
127,1,1053.21,219.65,168.62,119.20,1,-1,-1,-1
127,2,267.63,216.38,176.70,121.92,1,-1,-1,-1
127,3,989.55,480.46,221.09,101.34,1,-1,-1,-1
127,4,198.04,477.64,227.15,103.56,1,-1,-1,-1
128,1,1055.11,219.59,168.30,118.93,1,-1,-1,-1
128,2,270.11,215.69,178.00,123.33,1,-1,-1,-1
128,3,989.40,483.57,220.65,100.27,1,-1,-1,-1
128,4,196.39,479.16,228.34,103.80,1,-1,-1,-1
129,1,1058.05,218.27,167.63,118.18,1,-1,-1,-1
129,2,275.02,214.81,176.37,122.53,1,-1,-1,-1
129,3,984.87,485.30,221.47,100.57,1,-1,-1,-1
129,4,195.84,482.97,226.08,102.57,1,-1,-1,-1
130,1,1059.14,216.47,171.27,121.24,1,-1,-1,-1
130,2,278.78,215.85,174.47,121.56,1,-1,-1,-1
130,3,981.81,485.19,225.26,102.03,1,-1,-1,-1
130,4,192.09,483.67,231.06,104.78,1,-1,-1,-1
131,1,1059.80,214.52,172.02,121.73,1,-1,-1,-1
131,2,281.14,214.97,175.03,122.51,1,-1,-1,-1
131,3,975.75,484.41,234.63,106.55,1,-1,-1,-1
131,4,187.94,484.53,235.19,106.91,1,-1,-1,-1
132,1,1060.49,211.18,174.60,123.24,1,-1,-1,-1
132,2,283.96,213.35,175.19,122.87,1,-1,-1,-1
132,3,975.28,486.68,235.26,106.95,1,-1,-1,-1
132,4,185.87,486.76,235.20,107.06,1,-1,-1,-1
133,1,1064.87,211.27,173.14,121.83,1,-1,-1,-1
133,2,284.88,212.11,174.72,122.34,1,-1,-1,-1
133,3,976.75,489.45,232.30,105.78,1,-1,-1,-1
133,4,186.88,488.85,233.68,106.45,1,-1,-1,-1
134,1,1070.74,212.02,170.67,119.96,1,-1,-1,-1
134,2,290.37,213.01,171.37,119.49,1,-1,-1,-1
134,3,977.44,492.42,229.70,104.66,1,-1,-1,-1
134,4,187.27,490.90,232.51,106.21,1,-1,-1,-1
135,1,1074.41,211.02,170.64,119.93,1,-1,-1,-1
135,2,295.77,212.06,170.62,119.08,1,-1,-1,-1
135,3,976.10,493.46,232.67,106.22,1,-1,-1,-1
135,4,187.39,492.92,233.53,106.77,1,-1,-1,-1
136,1,1078.77,210.68,169.13,118.59,1,-1,-1,-1
136,2,300.56,212.40,167.92,116.94,1,-1,-1,-1
136,3,977.37,498.40,228.31,104.17,1,-1,-1,-1
136,4,188.54,496.91,229.81,105.01,1,-1,-1,-1
136,6,982.65,218.04,106.81,92.00,1,-1,-1,-1
137,1,1080.78,207.93,168.31,118.10,1,-1,-1,-1
137,2,303.81,209.23,168.47,117.49,1,-1,-1,-1
137,3,978.92,500.20,226.59,103.37,1,-1,-1,-1
137,4,190.02,498.34,228.36,104.33,1,-1,-1,-1
137,6,982.95,218.98,101.76,89.09,1,-1,-1,-1
138,1,1081.36,204.29,171.48,120.58,1,-1,-1,-1
138,2,303.72,205.43,171.75,120.35,1,-1,-1,-1
138,3,977.74,500.12,230.19,105.07,1,-1,-1,-1
138,4,190.93,500.13,226.50,103.41,1,-1,-1,-1
138,6,981.96,217.90,100.99,91.01,1,-1,-1,-1
139,1,1083.38,200.34,172.85,121.51,1,-1,-1,-1
139,2,303.13,199.44,177.21,124.72,1,-1,-1,-1
139,3,978.78,501.35,228.62,104.39,1,-1,-1,-1
139,4,190.80,502.71,222.83,101.74,1,-1,-1,-1
139,6,981.73,217.58,100.61,88.92,1,-1,-1,-1
140,1,1086.28,198.88,173.54,122.53,1,-1,-1,-1
140,2,307.00,197.86,176.79,125.07,1,-1,-1,-1
140,3,976.60,500.41,231.88,106.11,1,-1,-1,-1
140,4,190.52,502.93,222.62,101.79,1,-1,-1,-1
140,5,208.41,217.03,103.22,87.00,1,-1,-1,-1
140,6,980.16,216.15,103.64,89.55,1,-1,-1,-1
141,1,1089.42,198.40,171.51,121.59,1,-1,-1,-1
141,2,310.56,197.99,174.25,123.88,1,-1,-1,-1
141,3,972.59,500.01,236.90,108.73,1,-1,-1,-1
141,4,188.98,502.94,225.45,103.15,1,-1,-1,-1
141,5,209.50,217.59,99.45,83.90,1,-1,-1,-1
141,6,979.78,216.37,102.41,87.05,1,-1,-1,-1
142,1,1094.64,199.60,168.44,119.24,1,-1,-1,-1
142,2,314.71,198.11,172.11,122.74,1,-1,-1,-1
142,3,970.20,499.80,239.92,110.36,1,-1,-1,-1
142,4,186.13,502.22,230.45,105.65,1,-1,-1,-1
142,5,207.67,217.37,102.03,85.22,1,-1,-1,-1
142,6,977.96,215.83,104.74,88.90,1,-1,-1,-1
143,1,1096.68,197.46,168.26,119.68,1,-1,-1,-1
143,2,317.22,196.23,173.17,123.62,1,-1,-1,-1
143,3,968.68,501.64,239.72,110.32,1,-1,-1,-1
143,4,183.23,502.55,234.73,107.90,1,-1,-1,-1
143,5,207.25,217.36,100.56,83.71,1,-1,-1,-1
143,6,976.45,215.66,103.99,88.22,1,-1,-1,-1
144,1,1098.02,196.04,168.84,120.52,1,-1,-1,-1
144,2,319.34,194.26,173.66,123.95,1,-1,-1,-1
144,3,966.20,502.30,242.17,111.60,1,-1,-1,-1
144,4,181.47,503.94,236.39,108.76,1,-1,-1,-1
144,5,204.44,215.40,103.40,85.86,1,-1,-1,-1
144,6,972.03,213.62,106.80,90.00,1,-1,-1,-1
145,1,1104.14,194.90,165.58,117.53,1,-1,-1,-1
145,2,323.66,192.25,171.88,122.75,1,-1,-1,-1
145,3,968.79,505.12,236.74,108.79,1,-1,-1,-1
145,4,182.62,505.73,233.43,107.10,1,-1,-1,-1
145,5,202.37,213.38,103.91,86.64,1,-1,-1,-1
145,6,970.38,213.56,105.29,88.67,1,-1,-1,-1
146,1,1110.05,194.53,164.28,115.73,1,-1,-1,-1
146,2,328.68,191.55,168.87,120.29,1,-1,-1,-1
146,3,970.83,507.48,232.64,106.35,1,-1,-1,-1
146,4,182.85,507.02,232.77,106.45,1,-1,-1,-1
146,5,199.05,212.01,104.64,86.94,1,-1,-1,-1
146,6,969.78,214.92,102.11,85.48,1,-1,-1,-1
147,1,1113.14,193.11,164.47,115.08,1,-1,-1,-1
147,2,333.22,191.36,166.85,118.70,1,-1,-1,-1
147,3,969.84,509.64,233.34,106.10,1,-1,-1,-1
147,4,182.25,509.44,231.96,105.54,1,-1,-1,-1
147,5,195.88,210.22,107.52,89.03,1,-1,-1,-1
147,6,967.18,214.12,102.46,85.66,1,-1,-1,-1
148,1,1116.15,191.96,165.26,114.85,1,-1,-1,-1
148,2,336.57,191.34,165.24,117.45,1,-1,-1,-1
148,3,966.75,509.73,239.07,108.66,1,-1,-1,-1
148,4,179.21,510.30,236.00,107.17,1,-1,-1,-1
148,5,194.65,210.25,108.12,89.81,1,-1,-1,-1
148,6,965.57,213.18,104.02,87.07,1,-1,-1,-1
149,1,1118.06,190.24,167.08,115.45,1,-1,-1,-1
149,2,338.83,190.05,163.04,115.66,1,-1,-1,-1
149,3,965.59,509.72,241.26,109.62,1,-1,-1,-1
149,4,178.98,511.23,236.40,107.13,1,-1,-1,-1
149,5,192.06,208.35,109.42,90.75,1,-1,-1,-1
149,6,962.29,209.54,107.43,90.26,1,-1,-1,-1
150,1,1119.09,187.00,169.56,117.02,1,-1,-1,-1
150,2,340.19,186.95,164.30,116.35,1,-1,-1,-1
150,3,964.50,510.32,242.13,109.97,1,-1,-1,-1
150,4,178.16,513.51,238.06,107.76,1,-1,-1,-1
150,5,190.82,208.98,109.87,91.09,1,-1,-1,-1
150,6,958.00,206.88,111.64,94.08,1,-1,-1,-1
151,1,1120.85,185.17,169.51,116.96,1,-1,-1,-1
151,2,341.62,185.18,166.04,117.29,1,-1,-1,-1
151,3,965.63,513.79,237.44,107.46,1,-1,-1,-1
151,4,179.85,518.27,230.79,104.04,1,-1,-1,-1
151,5,189.15,209.27,107.94,89.23,1,-1,-1,-1
151,6,955.42,206.55,112.62,94.89,1,-1,-1,-1
152,1,1125.25,183.21,169.72,116.94,1,-1,-1,-1
152,2,347.40,183.24,167.93,118.32,1,-1,-1,-1
152,3,967.77,516.39,232.28,104.50,1,-1,-1,-1
152,4,181.60,520.69,227.17,101.94,1,-1,-1,-1
152,5,188.25,209.44,105.88,87.16,1,-1,-1,-1
152,6,954.18,206.47,111.02,93.21,1,-1,-1,-1
153,1,1128.19,182.53,169.01,116.28,1,-1,-1,-1
153,2,350.33,182.57,168.27,118.06,1,-1,-1,-1
153,3,967.61,517.30,232.34,104.06,1,-1,-1,-1
153,4,181.99,521.52,226.41,101.17,1,-1,-1,-1
153,5,186.93,211.54,105.19,86.38,1,-1,-1,-1
153,6,952.47,206.49,110.37,92.54,1,-1,-1,-1
154,1,1130.52,180.35,171.36,118.02,1,-1,-1,-1
154,2,352.54,181.05,168.60,117.97,1,-1,-1,-1
154,3,966.14,518.26,232.55,103.91,1,-1,-1,-1
154,4,180.11,521.75,227.56,101.57,1,-1,-1,-1
154,5,183.55,210.35,106.86,87.42,1,-1,-1,-1
154,6,950.07,206.53,110.47,92.27,1,-1,-1,-1
155,1,1133.45,178.27,171.23,118.02,1,-1,-1,-1
155,2,354.47,178.55,171.59,119.92,1,-1,-1,-1
155,3,965.45,518.56,232.95,103.86,1,-1,-1,-1
155,4,178.70,521.12,229.44,102.40,1,-1,-1,-1
155,5,180.43,209.92,107.99,87.81,1,-1,-1,-1
155,6,949.18,207.24,109.95,91.50,1,-1,-1,-1
156,1,1137.30,176.88,174.05,120.00,1,-1,-1,-1
156,2,357.11,177.00,172.63,120.66,1,-1,-1,-1
156,3,965.07,518.62,233.39,103.86,1,-1,-1,-1
156,4,178.18,520.82,230.18,102.72,1,-1,-1,-1
156,5,177.15,209.13,110.13,89.28,1,-1,-1,-1
156,6,947.73,207.53,109.47,90.54,1,-1,-1,-1
157,1,1142.33,175.75,172.35,118.77,1,-1,-1,-1
157,2,362.10,176.47,171.41,119.62,1,-1,-1,-1
157,3,965.46,519.25,232.55,103.20,1,-1,-1,-1
157,4,178.27,520.66,230.59,102.85,1,-1,-1,-1
157,5,173.95,208.19,111.69,90.49,1,-1,-1,-1
157,6,946.96,209.66,108.56,89.51,1,-1,-1,-1
158,1,1146.95,176.05,171.96,117.63,1,-1,-1,-1
158,2,366.69,175.67,169.93,117.89,1,-1,-1,-1
158,3,965.45,519.45,232.58,102.97,1,-1,-1,-1
158,4,178.29,520.56,230.82,102.91,1,-1,-1,-1
158,5,171.54,208.51,111.53,90.28,1,-1,-1,-1
158,6,944.82,209.81,110.05,90.46,1,-1,-1,-1
159,1,1149.87,173.58,173.17,118.52,1,-1,-1,-1
159,2,371.86,174.77,168.87,116.58,1,-1,-1,-1
159,3,965.30,519.48,232.92,102.89,1,-1,-1,-1
159,4,179.01,521.14,229.51,102.27,1,-1,-1,-1
159,5,169.02,208.65,112.19,90.85,1,-1,-1,-1
159,6,941.53,209.22,111.09,90.81,1,-1,-1,-1
160,1,1151.78,170.06,174.40,119.51,1,-1,-1,-1
160,2,373.53,171.82,171.41,118.09,1,-1,-1,-1
160,3,965.12,519.45,233.34,102.87,1,-1,-1,-1
160,4,179.26,521.33,229.08,102.04,1,-1,-1,-1
160,5,167.56,208.73,111.61,90.40,1,-1,-1,-1
160,6,938.49,209.00,111.90,90.95,1,-1,-1,-1
161,1,1154.64,169.44,173.64,119.23,1,-1,-1,-1
161,2,374.01,168.13,175.73,121.30,1,-1,-1,-1
161,3,965.03,519.41,233.57,102.88,1,-1,-1,-1
161,4,179.34,521.37,229.00,101.95,1,-1,-1,-1
161,5,164.77,208.11,112.07,90.87,1,-1,-1,-1
161,6,935.29,208.26,113.14,91.66,1,-1,-1,-1
162,1,1158.32,167.29,173.16,119.12,1,-1,-1,-1
162,2,378.78,165.48,176.46,121.85,1,-1,-1,-1
162,3,964.93,519.37,233.80,102.89,1,-1,-1,-1
162,4,179.34,521.35,229.03,101.93,1,-1,-1,-1
162,5,164.34,209.87,110.48,89.73,1,-1,-1,-1
162,6,932.87,207.34,114.20,92.58,1,-1,-1,-1
163,1,1163.83,168.52,171.11,117.09,1,-1,-1,-1
163,2,385.86,165.85,171.24,118.11,1,-1,-1,-1
163,3,965.98,518.00,234.39,102.90,1,-1,-1,-1
163,4,180.43,521.32,228.21,101.26,1,-1,-1,-1
163,5,162.79,210.56,110.17,89.28,1,-1,-1,-1
163,6,931.21,208.31,112.29,90.96,1,-1,-1,-1
164,1,1167.24,163.74,172.72,118.31,1,-1,-1,-1
164,2,388.22,162.75,175.59,121.33,1,-1,-1,-1
164,3,966.23,517.47,234.93,102.91,1,-1,-1,-1
164,4,180.03,520.62,229.55,101.68,1,-1,-1,-1
164,5,160.23,209.50,112.83,91.10,1,-1,-1,-1
164,6,928.96,208.70,112.30,90.99,1,-1,-1,-1
165,1,1168.15,160.69,175.13,120.75,1,-1,-1,-1
165,2,389.82,159.68,177.54,123.16,1,-1,-1,-1
165,3,964.89,516.59,238.00,104.24,1,-1,-1,-1
165,4,179.48,520.35,230.18,101.85,1,-1,-1,-1
165,5,157.65,209.10,114.56,92.43,1,-1,-1,-1
165,6,926.28,208.85,113.49,92.32,1,-1,-1,-1
166,1,1172.06,158.29,175.23,121.66,1,-1,-1,-1
166,2,393.51,156.61,179.70,125.16,1,-1,-1,-1
166,3,962.74,512.96,244.43,107.38,1,-1,-1,-1
166,4,178.07,515.60,236.16,104.56,1,-1,-1,-1
166,5,155.69,208.96,115.34,92.93,1,-1,-1,-1
166,6,923.87,208.91,113.60,92.82,1,-1,-1,-1
167,1,1175.00,155.47,177.37,123.32,1,-1,-1,-1
167,2,397.11,154.85,178.51,124.61,1,-1,-1,-1
167,3,962.13,511.59,246.44,108.56,1,-1,-1,-1
167,4,177.57,513.81,238.32,105.57,1,-1,-1,-1
167,5,154.14,208.26,115.43,93.10,1,-1,-1,-1
167,6,922.88,208.94,113.27,93.01,1,-1,-1,-1
168,1,1182.15,156.43,172.43,120.00,1,-1,-1,-1
168,2,400.57,154.92,176.21,123.05,1,-1,-1,-1
168,3,962.38,509.76,248.20,109.66,1,-1,-1,-1
168,4,177.07,511.83,240.42,106.61,1,-1,-1,-1
168,5,152.25,209.31,115.56,93.16,1,-1,-1,-1
168,6,920.35,208.95,114.98,94.39,1,-1,-1,-1
169,1,1185.87,154.24,172.24,120.03,1,-1,-1,-1
169,2,404.45,153.71,174.56,121.78,1,-1,-1,-1
169,3,963.83,509.73,244.84,108.10,1,-1,-1,-1
169,4,178.87,510.43,238.54,105.68,1,-1,-1,-1
169,5,150.74,209.72,115.34,93.16,1,-1,-1,-1
169,6,916.94,207.65,118.06,96.87,1,-1,-1,-1
170,1,1190.35,152.83,174.33,121.36,1,-1,-1,-1
170,2,409.01,153.98,172.10,119.97,1,-1,-1,-1
170,3,970.01,510.41,236.24,104.17,1,-1,-1,-1
170,4,180.72,509.26,236.15,104.65,1,-1,-1,-1
170,5,151.52,212.52,110.07,88.54,1,-1,-1,-1
170,6,917.91,210.41,114.81,93.89,1,-1,-1,-1
171,1,1194.30,151.70,172.31,119.88,1,-1,-1,-1
171,2,413.02,152.16,170.95,119.28,1,-1,-1,-1
171,3,969.58,508.01,237.19,104.68,1,-1,-1,-1
171,4,181.18,507.52,236.37,104.92,1,-1,-1,-1
171,5,150.66,214.27,107.85,86.75,1,-1,-1,-1
171,6,916.55,210.84,114.57,93.36,1,-1,-1,-1
172,1,1196.76,150.68,171.29,119.31,1,-1,-1,-1
172,2,415.73,151.53,171.17,119.70,1,-1,-1,-1
172,3,965.86,504.50,243.97,108.17,1,-1,-1,-1
172,4,179.98,505.58,238.51,106.33,1,-1,-1,-1
172,5,148.93,215.56,108.68,87.45,1,-1,-1,-1
172,6,915.09,210.99,115.20,93.82,1,-1,-1,-1
173,1,1198.85,148.37,170.28,118.43,1,-1,-1,-1
173,2,417.47,149.37,171.53,119.86,1,-1,-1,-1
173,3,965.69,502.55,244.69,108.83,1,-1,-1,-1
173,4,180.20,503.56,239.91,107.52,1,-1,-1,-1
173,5,146.30,216.03,107.76,86.39,1,-1,-1,-1
173,6,911.47,211.05,115.74,93.99,1,-1,-1,-1
174,1,1203.28,147.56,168.30,116.77,1,-1,-1,-1
174,2,423.99,147.95,168.93,117.94,1,-1,-1,-1
174,3,965.33,499.21,248.16,111.03,1,-1,-1,-1
174,4,182.00,501.51,238.31,107.30,1,-1,-1,-1
174,5,144.20,216.85,107.12,85.34,1,-1,-1,-1
174,6,910.90,213.04,113.16,91.41,1,-1,-1,-1
175,1,1207.17,146.67,167.49,116.16,1,-1,-1,-1
175,2,427.49,146.81,168.94,117.88,1,-1,-1,-1
175,3,968.70,498.63,244.42,109.90,1,-1,-1,-1
175,4,185.06,501.44,232.94,105.23,1,-1,-1,-1
175,5,142.53,217.39,106.54,84.88,1,-1,-1,-1
175,6,909.65,214.46,111.77,89.75,1,-1,-1,-1
176,1,1208.35,143.06,170.82,118.60,1,-1,-1,-1
176,2,429.34,143.79,170.93,119.20,1,-1,-1,-1
176,3,973.96,499.13,236.98,106.80,1,-1,-1,-1
176,4,189.88,502.12,224.86,101.77,1,-1,-1,-1
176,5,140.07,217.99,106.23,84.09,1,-1,-1,-1
176,6,907.46,215.64,111.50,89.14,1,-1,-1,-1
177,1,1210.98,142.43,172.06,119.51,1,-1,-1,-1
177,2,431.89,142.05,171.02,119.04,1,-1,-1,-1
177,3,977.20,500.03,232.30,104.94,1,-1,-1,-1
177,4,191.11,503.10,221.61,100.47,1,-1,-1,-1
177,5,138.45,218.17,106.55,83.87,1,-1,-1,-1
177,6,906.39,216.06,111.40,88.93,1,-1,-1,-1
178,1,1212.89,140.28,175.74,122.50,1,-1,-1,-1
178,2,432.17,139.47,176.12,122.95,1,-1,-1,-1
178,3,978.72,499.74,230.56,104.25,1,-1,-1,-1
178,4,192.34,501.48,222.18,100.68,1,-1,-1,-1
178,5,136.78,218.68,105.97,83.41,1,-1,-1,-1
178,6,903.05,216.20,114.07,90.86,1,-1,-1,-1
179,1,1215.66,138.86,176.08,122.97,1,-1,-1,-1
179,2,434.63,139.21,176.41,123.11,1,-1,-1,-1
179,3,976.52,498.33,232.06,105.33,1,-1,-1,-1
179,4,189.89,499.58,226.16,102.76,1,-1,-1,-1
179,6,901.23,216.68,113.98,90.79,1,-1,-1,-1
180,1,1220.09,139.05,172.51,120.50,1,-1,-1,-1
180,2,437.76,139.18,173.85,121.18,1,-1,-1,-1
180,3,977.79,499.15,228.41,103.76,1,-1,-1,-1
180,4,190.31,498.89,226.28,102.89,1,-1,-1,-1
